100
6 13.13 12.56 17.65 15.83 20.34 16.60 26.19 13.00 27.12 5.50 13.50 5.50
5 74.75 10.25 74.06 10.39 69.40 19.71 76.54 20.22 77.00 17.00
5 22.29 80.50 11.25 80.50 18.15 94.29 21.67 96.35 22.78 81.88
4 95.50 11.50 100.98 13.69 100.98 -0.96 95.50 -0.96
6 80.50 82.00 80.50 84.75 88.41 82.77 88.48 82.69 89.21 74.73 85.74 71.51
6 24.17 73.91 20.21 68.19 18.66 68.29 9.88 80.00 11.25 80.50 22.29 80.50
5 21.67 96.35 24.00 100.59 36.55 89.18 33.06 83.59 22.78 81.88
4 69.32 56.45 74.45 43.64 67.86 42.69 65.31 55.45
7 2.70 15.50 9.50 13.71 13.13 12.56 13.50 5.50 13.50 -0.96 -1.98 -0.96 -1.98 15.50
4 58.50 85.50 59.50 86.00 65.50 86.00 65.50 78.50
4 72.41 31.59 65.44 25.79 60.48 31.30 66.12 37.88
6 13.07 26.50 9.50 26.50 7.70 28.30 9.88 37.00 14.65 37.00 15.39 34.61
5 89.21 74.73 88.48 82.69 99.30 91.34 100.98 91.56 100.98 76.30
7 94.76 44.71 88.96 45.67 87.12 53.00 87.39 53.45 99.74 58.94 100.98 58.80 100.98 47.54
8 66.62 19.89 65.44 25.79 72.41 31.59 79.02 33.06 86.07 27.09 86.14 26.13 76.54 20.22 69.40 19.71
5 23.85 26.15 27.04 28.38 42.73 24.89 42.66 24.04 21.58 18.77
4 95.50 39.50 94.76 44.71 100.98 47.54 100.98 35.39
5 72.50 78.00 72.50 86.83 77.26 89.61 80.50 84.75 80.50 82.00
4 88.41 82.77 84.57 94.29 99.30 91.34 88.48 82.69
4 6.50 99.50 9.97 92.55 9.15 92.24 2.92 94.73
6 59.46 56.35 65.31 55.45 67.86 42.69 67.50 42.50 65.83 43.00 58.77 53.59
7 72.46 77.75 67.15 74.37 65.50 78.50 65.50 86.00 69.97 87.68 72.50 86.83 72.50 78.00
7 47.31 31.69 63.03 15.97 45.50 9.71 43.58 13.00 42.66 24.04 42.73 24.89 45.90 31.51
4 69.77 5.14 76.50 8.50 77.50 5.50 76.84 0.89
4 86.82 27.92 95.50 39.50 100.98 35.39 100.98 33.99
4 83.50 7.50 85.86 9.86 93.97 -0.96 80.68 -0.96
4 59.50 86.00 64.21 97.76 69.97 87.68 65.50 86.00
4 65.83 43.00 57.33 43.00 55.67 48.00 58.77 53.59
6 46.63 72.55 51.37 72.97 56.09 69.24 56.56 60.42 42.52 52.62 45.56 70.89
5 21.58 18.77 42.66 24.04 43.58 13.00 26.19 13.00 20.34 16.60
6 84.20 66.20 87.39 53.45 87.12 53.00 79.50 53.00 77.33 55.89 82.50 64.50
7 37.30 64.00 42.06 52.11 41.44 50.89 33.92 54.31 28.97 59.97 32.64 63.64 35.50 64.00
8 17.98 51.29 18.56 50.00 19.43 42.17 14.65 37.00 9.88 37.00 7.34 37.68 -1.98 43.41 -1.98 57.52
6 9.97 92.55 13.74 92.97 7.25 80.00 7.06 79.97 5.64 86.39 9.15 92.24
6 69.32 56.45 71.18 57.94 77.33 55.89 79.50 53.00 74.79 43.57 74.45 43.64
5 7.70 28.30 9.50 26.50 5.50 22.50 5.50 27.50 5.83 27.83
5 4.12 31.25 5.83 27.83 5.50 27.50 0.75 27.50 1.88 29.75
4 1.88 29.75 0.75 27.50 -1.98 25.32 -1.98 37.46
6 99.30 91.34 84.57 94.29 81.43 96.38 80.56 100.96 100.98 100.96 100.98 91.56
6 76.50 8.50 69.77 5.14 66.61 6.04 66.42 8.48 74.06 10.39 74.75 10.25
5 77.50 5.50 83.50 7.50 80.68 -0.96 77.58 -0.96 76.84 0.89
5 27.12 5.50 27.38 4.50 25.33 -0.96 13.50 -0.96 13.50 5.50
6 53.43 85.50 54.06 84.39 51.37 72.97 46.63 72.55 44.22 73.91 39.88 85.50
6 85.12 70.39 85.24 69.82 84.20 66.20 82.50 64.50 71.44 60.81 70.36 66.18
9 56.56 60.42 56.09 69.24 64.75 71.17 70.36 66.18 71.44 60.81 71.18 57.94 69.32 56.45 65.31 55.45 59.46 56.35
6 66.12 37.88 60.48 31.30 51.80 33.04 57.33 43.00 65.83 43.00 67.50 42.50
9 55.67 48.00 42.08 48.00 41.79 48.48 41.44 50.89 42.06 52.11 42.52 52.62 56.56 60.42 59.46 56.35 58.77 53.59
7 51.80 33.04 47.31 31.69 45.90 31.51 44.42 33.96 42.08 48.00 55.67 48.00 57.33 43.00
6 -1.98 57.52 -1.98 63.13 18.66 68.29 20.21 68.19 23.56 60.35 17.98 51.29
6 35.50 74.58 44.22 73.91 46.63 72.55 45.56 70.89 37.30 64.00 35.50 64.00
6 85.86 9.86 85.81 10.11 88.77 18.23 95.50 11.50 95.50 -0.96 93.97 -0.96
5 88.77 18.23 88.45 23.36 100.98 21.57 100.98 13.69 95.50 11.50
7 81.43 96.38 77.26 89.61 72.50 86.83 69.97 87.68 64.21 97.76 63.67 100.96 80.56 100.96
6 86.53 27.72 88.74 45.44 88.96 45.67 94.76 44.71 95.50 39.50 86.82 27.92
5 45.90 31.51 42.73 24.89 27.04 28.38 28.07 37.60 44.42 33.96
6 24.17 73.91 22.29 80.50 22.78 81.88 33.06 83.59 34.32 74.76 31.02 73.38
8 6.99 100.96 24.00 100.96 24.00 100.59 21.67 96.35 18.15 94.29 13.74 92.97 9.97 92.55 6.50 99.50
4 45.56 70.89 42.52 52.62 42.06 52.11 37.30 64.00
8 45.50 4.50 45.50 9.71 63.03 15.97 63.29 16.00 66.42 8.48 66.61 6.04 62.79 -0.96 46.44 -0.96
4 37.17 89.10 49.50 96.50 53.43 85.50 39.88 85.50
5 -1.98 37.46 -1.98 43.41 7.34 37.68 4.12 31.25 1.88 29.75
6 77.50 5.50 76.50 8.50 79.95 11.09 85.81 10.11 85.86 9.86 83.50 7.50
5 32.64 63.64 31.02 73.38 34.32 74.76 35.50 74.58 35.50 64.00
6 28.17 50.00 18.56 50.00 17.98 51.29 23.56 60.35 28.97 59.97 33.92 54.31
8 64.21 97.76 59.50 86.00 58.50 85.50 54.06 84.39 53.43 85.50 49.50 96.50 50.62 100.96 63.67 100.96
5 85.16 70.69 72.46 77.75 72.50 78.00 80.50 82.00 85.74 71.51
4 85.24 69.82 99.74 58.94 87.39 53.45 84.20 66.20
5 18.15 94.29 11.25 80.50 9.88 80.00 7.25 80.00 13.74 92.97
7 14.65 37.00 19.43 42.17 26.61 39.61 28.07 37.60 27.04 28.38 23.85 26.15 15.39 34.61
6 49.50 96.50 37.17 89.10 36.55 89.18 24.00 100.59 24.00 100.96 50.62 100.96
5 4.12 31.25 7.34 37.68 9.88 37.00 7.70 28.30 5.83 27.83
4 82.50 64.50 77.33 55.89 71.18 57.94 71.44 60.81
7 77.00 17.00 76.54 20.22 86.14 26.13 88.45 23.36 88.77 18.23 85.81 10.11 79.95 11.09
6 28.97 59.97 23.56 60.35 20.21 68.19 24.17 73.91 31.02 73.38 32.64 63.64
5 77.26 89.61 81.43 96.38 84.57 94.29 88.41 82.77 80.50 84.75
6 26.19 13.00 43.58 13.00 45.50 9.71 45.50 4.50 27.38 4.50 27.12 5.50
7 63.03 15.97 47.31 31.69 51.80 33.04 60.48 31.30 65.44 25.79 66.62 19.89 63.29 16.00
5 2.92 94.73 9.15 92.24 5.64 86.39 -1.98 92.48 -1.98 93.50
6 0.75 27.50 5.50 27.50 5.50 22.50 2.70 15.50 -1.98 15.50 -1.98 25.32
5 17.65 15.83 13.13 12.56 9.50 13.71 9.50 26.50 13.07 26.50
7 88.45 23.36 86.14 26.13 86.07 27.09 86.53 27.72 86.82 27.92 100.98 33.99 100.98 21.57
8 99.74 58.94 85.24 69.82 85.12 70.39 85.16 70.69 85.74 71.51 89.21 74.73 100.98 76.30 100.98 58.80
7 67.15 74.37 64.75 71.17 56.09 69.24 51.37 72.97 54.06 84.39 58.50 85.50 65.50 78.50
5 6.50 99.50 2.92 94.73 -1.98 93.50 -1.98 100.96 6.99 100.96
5 66.42 8.48 63.29 16.00 66.62 19.89 69.40 19.71 74.06 10.39
5 86.07 27.09 79.02 33.06 76.18 42.29 88.74 45.44 86.53 27.72
4 9.50 26.50 9.50 13.71 2.70 15.50 5.50 22.50
7 33.06 83.59 36.55 89.18 37.17 89.10 39.88 85.50 44.22 73.91 35.50 74.58 34.32 74.76
4 5.64 86.39 7.06 79.97 -1.98 72.32 -1.98 92.48
6 88.74 45.44 76.18 42.29 74.79 43.57 79.50 53.00 87.12 53.00 88.96 45.67
6 85.12 70.39 70.36 66.18 64.75 71.17 67.15 74.37 72.46 77.75 85.16 70.69
5 31.70 44.70 26.61 39.61 19.43 42.17 18.56 50.00 28.17 50.00
4 27.38 4.50 45.50 4.50 46.44 -0.96 25.33 -0.96
5 66.61 6.04 69.77 5.14 76.84 0.89 77.58 -0.96 62.79 -0.96
6 42.08 48.00 44.42 33.96 28.07 37.60 26.61 39.61 31.70 44.70 41.79 48.48
4 76.50 8.50 74.75 10.25 77.00 17.00 79.95 11.09
6 9.88 80.00 18.66 68.29 -1.98 63.13 -1.98 72.32 7.06 79.97 7.25 80.00
8 74.45 43.64 74.79 43.57 76.18 42.29 79.02 33.06 72.41 31.59 66.12 37.88 67.50 42.50 67.86 42.69
5 41.79 48.48 31.70 44.70 28.17 50.00 33.92 54.31 41.44 50.89
6 23.85 26.15 21.58 18.77 20.34 16.60 17.65 15.83 13.07 26.50 15.39 34.61
