500
5 95.33 422.43 98.92 415.81 89.37 394.33 73.01 423.78 77.29 427.29
4 50.72 391.68 74.01 384.40 60.93 372.78 49.97 391.06
5 446.20 260.77 457.78 261.73 459.16 238.21 432.63 244.84 431.96 248.20
7 457.23 103.23 455.70 111.62 463.83 113.50 477.75 113.50 479.50 110.26 472.19 82.83 464.69 86.45
5 489.17 64.00 484.19 66.80 481.92 76.18 508.94 89.15 508.94 64.00
6 367.50 169.40 349.71 162.29 336.80 175.20 355.08 187.39 356.73 186.46 371.05 175.96
6 217.52 391.70 216.45 383.09 216.00 382.62 200.07 378.87 193.35 392.29 200.09 395.18
5 167.95 123.81 175.70 150.94 182.55 152.31 189.89 138.36 178.01 116.07
6 199.00 119.61 183.56 105.27 178.01 116.07 189.89 138.36 198.25 136.50 199.00 133.50
4 426.67 334.33 444.27 331.82 443.17 328.50 428.12 328.50
5 82.81 168.18 78.41 182.10 81.50 196.50 104.50 191.57 110.23 178.46
6 418.88 182.91 411.66 189.70 412.85 213.41 422.58 216.31 433.50 189.00 428.30 178.59
5 242.12 475.67 246.85 482.55 251.77 485.24 273.99 470.75 251.39 459.44
5 420.00 455.69 421.85 455.85 437.84 442.69 433.57 423.00 420.00 423.00
5 204.32 148.19 209.30 156.50 216.50 144.50 207.24 139.87 205.52 140.38
6 143.30 371.30 165.68 365.70 172.25 352.01 160.06 341.77 144.92 343.23 133.61 369.96
4 168.88 82.50 189.51 88.85 176.50 61.39 162.15 64.58
5 483.00 391.14 482.53 392.29 483.67 404.25 499.25 392.56 492.14 387.23
5 161.17 209.33 161.98 204.84 161.01 196.05 151.79 191.02 150.70 204.10
4 163.91 398.62 165.82 385.27 158.22 386.22 152.42 395.34
4 83.96 130.22 116.18 138.81 109.67 118.20 84.62 129.33
6 333.24 450.63 331.49 431.34 322.67 437.22 317.59 455.83 318.18 456.74 329.16 457.88
8 61.71 102.71 43.77 97.33 32.43 110.29 29.71 114.59 44.88 129.20 60.78 111.31 63.25 104.40 62.00 103.00
8 327.36 237.36 342.60 224.14 328.24 198.02 324.77 196.52 311.22 200.33 310.89 200.75 307.48 213.94 307.59 217.59
7 78.03 102.51 93.26 106.31 100.30 102.47 96.67 78.87 92.74 75.21 79.38 83.92 79.14 85.86
8 46.97 133.04 42.36 143.67 41.52 146.93 47.31 165.74 72.53 162.94 77.07 161.33 78.36 150.44 75.53 137.50
7 54.33 196.67 55.36 209.68 68.41 216.21 69.60 214.88 81.50 196.50 78.41 182.10 57.00 194.00
4 186.92 217.97 178.31 210.97 168.97 215.42 170.34 238.71
7 305.91 273.34 304.02 280.92 308.29 290.53 312.07 291.71 323.01 276.38 324.92 257.30 323.81 257.83
3 25.44 450.41 -7.94 440.32 -7.94 494.92
6 16.04 164.70 16.73 154.68 6.08 136.42 -7.94 117.97 -7.94 166.00 -6.00 166.00
6 290.31 53.78 282.93 55.48 268.50 67.50 291.00 90.00 291.19 90.00 301.75 67.12
6 72.53 162.94 47.31 165.74 41.13 175.17 41.63 176.83 54.33 196.67 57.00 194.00
6 86.29 249.50 65.44 249.50 57.30 259.92 66.36 274.50 89.55 274.50 93.34 261.85
7 350.26 31.72 340.72 33.70 328.00 50.67 325.80 54.33 344.58 55.50 361.53 44.80 361.37 43.22
6 397.30 45.26 400.43 9.25 361.37 43.22 361.53 44.80 363.93 48.50 393.25 48.50
5 473.89 37.66 479.66 54.98 501.88 35.54 490.29 30.13 489.04 29.69
6 198.25 136.50 189.89 138.36 182.55 152.31 185.04 155.42 204.32 148.19 205.52 140.38
5 211.95 133.14 218.29 137.36 225.34 133.83 219.38 120.90 215.33 123.02
6 72.50 332.14 47.46 323.03 42.86 326.86 41.29 331.80 49.00 337.73 75.96 341.88
6 321.09 352.50 312.00 354.57 302.03 365.96 324.85 372.80 337.53 362.36 337.07 360.84
4 41.52 146.93 42.36 143.67 6.08 136.42 16.73 154.68
5 349.02 442.74 351.09 420.05 341.35 414.30 331.49 431.34 333.24 450.63
7 268.28 355.10 268.37 355.30 289.11 358.91 296.31 332.99 296.30 332.95 273.37 333.87 264.16 338.64
9 175.76 253.25 169.20 247.07 150.92 242.13 145.11 244.77 135.07 265.76 149.29 278.56 172.69 286.11 172.93 285.63 178.36 266.47
5 467.70 37.13 473.89 37.66 489.04 29.69 478.78 11.75 463.94 25.10
5 98.92 415.81 107.40 413.39 109.87 391.17 88.55 386.91 89.37 394.33
3 406.03 435.97 393.65 448.35 411.61 451.61
5 364.38 264.25 343.58 269.24 342.28 288.78 377.12 290.43 376.93 289.36
7 55.00 308.00 59.36 299.27 60.16 293.28 42.00 291.15 31.51 294.85 29.84 303.53 52.29 309.94
7 300.65 166.81 292.73 150.97 267.49 152.17 262.39 167.00 291.49 174.65 292.72 174.61 298.40 172.06
5 86.86 481.47 71.38 470.41 56.69 487.35 51.43 506.92 85.21 506.92
7 367.74 322.05 360.50 335.50 360.88 336.75 378.59 348.56 378.79 348.50 383.18 323.66 378.50 318.14
6 132.69 201.89 136.60 199.61 142.02 177.92 122.50 169.62 111.38 177.97 120.05 192.41
5 73.42 31.74 85.37 46.35 95.69 34.82 81.59 10.85 80.08 11.75
4 443.17 328.50 442.50 325.00 427.69 325.00 428.12 328.50
6 200.13 506.92 250.97 506.92 251.77 485.24 246.85 482.55 203.61 498.28 203.50 498.50
7 301.75 67.12 291.19 90.00 294.97 94.09 296.42 95.14 304.46 96.52 334.43 78.54 315.21 60.39
7 151.04 140.95 135.24 138.61 131.75 138.83 122.55 145.79 122.17 147.31 122.50 155.00 161.39 155.00
5 273.90 189.73 291.49 174.65 262.39 167.00 259.67 169.45 255.59 186.68
5 158.22 386.22 165.82 385.27 172.17 381.91 165.68 365.70 143.30 371.30
7 493.08 103.08 479.50 110.26 477.75 113.50 480.00 118.00 497.94 127.50 508.94 127.50 508.94 98.32
5 388.50 65.50 395.19 76.37 416.08 66.87 411.12 61.35 390.80 63.20
5 366.62 57.52 353.08 90.01 377.34 94.29 379.50 92.61 379.50 65.50
6 165.47 124.31 151.04 140.95 161.39 155.00 161.62 155.27 175.70 150.94 167.95 123.81
6 484.19 66.80 489.17 64.00 507.45 36.57 501.88 35.54 479.66 54.98 479.41 56.19
7 253.64 262.16 250.31 256.77 237.73 244.62 223.13 252.51 217.46 262.91 240.50 288.05 243.30 286.60
6 298.40 172.06 292.72 174.61 286.98 197.56 310.89 200.75 311.22 200.33 298.74 172.60
6 47.31 165.74 41.52 146.93 16.73 154.68 16.04 164.70 20.09 172.27 41.13 175.17
7 243.30 286.60 240.50 288.05 238.02 291.31 238.95 303.31 255.65 316.15 270.33 300.56 270.56 297.75
7 278.35 235.74 278.14 229.22 276.50 227.46 264.82 227.91 238.18 241.93 237.73 244.62 250.31 256.77
6 253.09 132.91 265.60 138.55 273.08 129.31 271.87 125.85 254.19 118.78 248.57 125.52
5 214.88 48.00 215.98 42.67 209.65 30.54 188.29 45.80 190.96 48.00
5 216.00 351.47 194.75 359.69 194.33 366.11 200.07 378.87 216.00 382.62
5 340.81 313.33 340.72 314.48 360.50 335.50 367.74 322.05 361.90 308.89
6 135.07 265.76 145.11 244.77 129.04 238.92 117.55 261.91 121.00 267.66 121.50 267.95
5 176.81 454.01 203.50 498.50 203.61 498.28 210.13 476.86 201.71 446.54
5 127.20 30.70 126.64 31.07 119.71 51.87 128.36 58.79 140.00 35.50
6 204.50 210.00 181.95 194.22 178.31 210.97 186.92 217.97 194.50 221.00 204.50 213.50
6 473.74 80.53 481.92 76.18 484.19 66.80 479.41 56.19 465.20 55.09 461.09 65.77
3 202.12 399.25 196.50 410.50 204.68 402.32
5 300.67 114.67 291.21 133.57 295.83 140.50 311.90 136.12 314.02 128.02
4 479.50 110.26 493.08 103.08 472.48 82.48 472.19 82.83
4 86.29 249.50 93.34 261.85 106.68 256.14 91.03 244.39
7 109.00 24.25 95.73 -8.92 92.88 -8.92 81.59 10.85 95.69 34.82 101.48 34.39 109.00 26.37
8 128.24 418.12 128.89 430.27 137.79 449.11 147.20 459.35 149.99 457.26 163.91 427.56 152.56 414.32 140.60 413.57
5 341.66 349.56 331.01 326.75 319.80 330.63 321.09 352.50 337.07 360.84
5 131.96 -8.92 114.09 -8.92 122.96 12.62 124.17 13.74 136.23 10.29
5 121.21 286.37 125.38 292.98 132.43 292.56 143.19 283.00 121.50 283.00
6 133.21 105.20 131.75 138.83 135.24 138.61 152.77 117.58 141.22 103.16 138.62 102.26
6 121.50 267.95 121.00 267.66 94.84 279.10 98.41 292.88 121.21 286.37 121.50 283.00
6 45.09 15.95 40.58 3.83 13.85 11.47 9.21 18.43 6.30 25.35 44.61 18.39
4 344.22 396.76 372.38 391.12 372.81 381.94 348.48 374.79
5 393.62 85.79 423.25 75.92 423.93 70.93 416.08 66.87 395.19 76.37
5 90.90 456.11 98.10 460.77 106.42 447.26 101.77 440.04 94.76 442.59
5 341.66 349.56 360.88 336.75 360.50 335.50 340.72 314.48 331.01 326.75
6 389.05 129.14 375.70 135.08 374.47 139.78 387.89 144.52 395.02 144.90 396.30 137.61
3 340.72 33.70 328.00 31.58 328.00 50.67
6 453.17 20.08 433.26 31.03 439.75 44.00 458.86 44.00 467.70 37.13 463.94 25.10
4 215.37 50.37 214.88 48.00 190.96 48.00 198.42 68.86
6 79.46 132.62 83.96 130.22 84.62 129.33 93.26 106.31 78.03 102.51 72.41 106.15
4 413.00 322.88 397.07 334.82 395.71 341.17 417.31 343.33
5 49.00 350.00 35.17 336.17 25.62 342.24 31.81 367.78 50.25 361.23
8 318.18 456.74 308.18 473.65 316.56 483.51 327.00 485.60 330.32 484.14 331.65 480.53 330.09 458.76 329.16 457.88
6 154.28 61.74 132.57 65.17 132.04 69.17 140.47 83.78 156.47 80.23 154.42 61.77
6 216.50 144.50 209.30 156.50 213.39 176.95 213.39 176.95 232.82 155.67 229.00 148.67
6 325.80 54.33 328.00 50.67 328.00 31.58 318.09 28.83 313.29 38.41 316.34 58.20
5 397.07 334.82 413.00 322.88 413.00 303.99 411.15 302.29 395.73 320.08
7 180.65 410.04 184.15 396.48 175.39 383.33 172.17 381.91 165.82 385.27 163.91 398.62 167.40 403.85
6 1.50 251.50 13.00 251.50 13.00 233.03 4.41 229.69 -7.94 229.21 -7.94 250.51
5 290.53 227.74 278.14 229.22 278.35 235.74 282.57 247.47 299.72 240.61
6 500.12 248.88 473.93 275.07 473.37 278.24 495.73 297.41 508.94 297.84 508.94 248.48
5 474.30 138.22 482.63 141.28 497.94 127.50 480.00 118.00 473.55 137.36
4 6.30 25.35 -4.24 37.00 45.45 37.00 44.61 18.39
10 132.57 65.17 131.50 62.50 128.36 58.79 119.71 51.87 116.27 51.65 91.60 67.22 92.74 75.21 96.67 78.87 114.69 79.59 132.04 69.17
5 478.78 11.75 489.04 29.69 490.29 30.13 503.31 -8.92 477.41 -8.92
4 101.29 471.43 86.86 481.47 85.21 506.92 108.38 506.92
5 392.62 116.07 381.76 111.35 373.36 120.27 375.70 135.08 389.05 129.14
4 9.21 18.43 13.85 11.47 6.44 -8.92 -4.46 -8.92
5 437.50 471.50 437.50 497.83 438.28 506.92 489.74 506.92 449.85 461.33
5 282.12 414.49 284.12 407.25 270.65 395.00 251.85 414.85 267.42 430.42
8 209.42 29.26 209.65 30.54 215.98 42.67 239.00 35.00 244.13 32.44 235.33 12.33 216.74 -6.26 211.63 7.91
6 40.58 3.83 45.09 15.95 80.08 11.75 81.59 10.85 92.88 -8.92 40.04 -8.92
5 330.32 484.14 327.00 485.60 327.00 506.92 354.57 506.92 353.93 494.63
8 115.08 360.40 88.94 371.91 86.73 384.84 88.55 386.91 109.87 391.17 125.95 388.70 128.96 384.97 132.07 370.81
7 268.92 99.30 271.87 125.85 273.08 129.31 281.01 128.98 294.97 94.09 291.19 90.00 291.00 90.00
6 387.89 144.52 374.47 139.78 367.50 144.93 367.50 169.40 371.05 175.96 374.86 177.11
6 99.62 227.88 99.72 227.98 101.96 228.81 118.00 216.33 118.00 208.59 104.91 201.45
4 207.24 139.87 216.50 144.50 218.29 137.36 211.95 133.14
4 389.83 260.97 367.95 257.11 364.38 264.25 376.93 289.36
3 209.73 231.88 229.40 222.05 206.91 214.94
9 176.50 61.39 189.51 88.85 189.84 89.10 194.10 87.55 198.42 68.86 190.96 48.00 188.29 45.80 184.59 44.41 176.50 52.50
7 60.93 372.78 55.46 360.91 50.25 361.23 31.81 367.78 30.31 370.65 31.65 381.20 49.97 391.06
5 278.72 442.72 283.65 453.20 297.53 443.76 297.41 442.87 284.30 423.20
4 441.43 128.25 452.42 147.49 463.65 137.13 449.84 119.36
5 243.07 358.70 268.28 355.10 264.16 338.64 257.87 335.41 247.63 338.94
6 323.10 159.59 329.32 173.88 336.80 175.20 349.71 162.29 342.58 156.11 326.69 153.22
6 -4.24 37.00 6.30 25.35 9.21 18.43 -4.46 -8.92 -7.94 -8.92 -7.94 39.10
8 206.91 434.83 235.59 439.36 238.45 438.66 245.49 417.54 229.50 402.50 224.01 402.67 217.79 409.81 206.42 433.44
5 140.00 35.50 128.36 58.79 131.50 62.50 148.91 42.92 151.69 35.50
4 16.04 164.70 -6.00 166.00 12.79 184.79 20.09 172.27
5 419.95 506.92 438.28 506.92 437.50 497.83 411.33 462.94 400.18 473.03
7 410.82 115.37 413.20 102.80 392.25 88.83 379.50 92.61 377.34 94.29 381.76 111.35 392.62 116.07
5 494.36 162.14 508.94 160.40 508.94 127.50 497.94 127.50 482.63 141.28
4 41.29 331.80 35.17 336.17 49.00 350.00 49.00 337.73
8 154.73 33.55 156.30 30.52 153.42 21.25 152.18 20.76 128.50 25.50 127.20 30.70 140.00 35.50 151.69 35.50
5 136.23 10.29 140.64 13.72 140.76 13.73 148.31 -8.92 131.96 -8.92
6 154.92 406.63 152.56 414.32 163.91 427.56 181.70 415.70 180.65 410.04 167.40 403.85
4 181.45 32.76 209.42 29.26 211.63 7.91 179.88 30.13
4 234.18 115.47 238.56 102.33 206.18 90.19 220.09 119.76
5 215.37 50.37 226.00 61.00 239.00 35.00 215.98 42.67 214.88 48.00
5 499.25 392.56 483.67 404.25 480.06 420.50 508.94 436.42 508.94 390.14
7 116.27 51.65 101.48 34.39 95.69 34.82 85.37 46.35 84.00 51.50 84.00 58.10 91.60 67.22
5 147.08 396.30 140.60 413.57 152.56 414.32 154.92 406.63 150.38 396.65
5 147.14 459.68 143.39 463.06 123.77 504.93 123.27 506.92 182.57 506.92
5 426.42 26.29 404.69 1.93 400.43 9.25 397.30 45.26 409.07 55.21
7 175.39 383.33 194.33 366.11 194.75 359.69 180.88 351.08 172.25 352.01 165.68 365.70 172.17 381.91
5 297.41 442.87 305.51 407.77 284.12 407.25 282.12 414.49 284.30 423.20
6 224.01 402.67 229.50 402.50 249.23 381.53 239.97 373.01 216.45 383.09 217.52 391.70
6 123.77 504.93 102.51 470.92 101.88 470.86 101.29 471.43 108.38 506.92 123.27 506.92
6 375.70 135.08 373.36 120.27 367.19 119.62 357.22 139.57 367.50 144.93 374.47 139.78
4 78.45 313.59 59.36 299.27 55.00 308.00 72.50 325.50
6 39.20 76.10 26.62 77.61 23.03 82.09 32.43 110.29 43.77 97.33 44.04 89.17
9 246.26 33.82 244.13 32.44 239.00 35.00 226.00 61.00 232.46 70.05 242.65 71.07 253.40 59.95 255.50 47.64 255.50 45.75
6 315.21 60.39 334.43 78.54 338.86 80.28 344.58 55.50 325.80 54.33 316.34 58.20
6 421.85 455.85 437.50 471.50 449.85 461.33 455.01 449.98 454.94 449.68 437.84 442.69
4 456.00 220.50 462.35 234.27 488.21 238.73 484.42 220.50
7 361.53 44.80 344.58 55.50 338.86 80.28 350.21 91.19 353.08 90.01 366.62 57.52 363.93 48.50
7 75.96 341.88 49.00 337.73 49.00 350.00 50.25 361.23 55.46 360.91 75.43 349.39 76.61 342.77
6 480.06 420.50 471.96 420.50 454.94 449.68 455.01 449.98 508.94 482.94 508.94 436.42
4 42.81 461.91 56.69 487.35 71.38 470.41 70.41 466.78
8 355.40 456.30 349.69 463.92 350.46 468.77 359.60 484.00 371.77 479.65 374.82 476.74 368.52 456.55 364.54 455.10
7 161.62 155.27 155.18 172.66 182.75 184.15 193.69 175.60 185.04 155.42 182.55 152.31 175.70 150.94
4 451.07 82.86 444.34 90.34 457.23 103.23 464.69 86.45
3 350.72 17.07 396.91 -8.92 346.13 -8.92
9 279.53 461.43 278.12 470.14 282.89 475.34 308.18 473.65 318.18 456.74 317.59 455.83 302.38 444.62 297.53 443.76 283.65 453.20
4 489.17 64.00 508.94 64.00 508.94 36.50 507.45 36.57
6 128.30 207.38 132.58 218.50 142.31 218.50 144.24 208.21 136.60 199.61 132.69 201.89
4 495.73 297.41 479.71 324.64 508.94 344.13 508.94 297.84
7 238.18 241.93 232.53 222.42 229.40 222.05 209.73 231.88 205.12 240.19 223.13 252.51 237.73 244.62
3 22.84 369.88 -7.94 360.09 -7.94 387.47
5 162.15 64.58 176.50 61.39 176.50 52.50 164.39 49.65 155.83 61.42
5 106.42 447.26 137.79 449.11 128.89 430.27 102.66 432.02 101.77 440.04
6 378.79 348.50 381.21 348.74 395.71 341.17 397.07 334.82 395.73 320.08 383.18 323.66
6 467.00 165.00 474.97 172.97 484.12 168.65 494.36 162.14 482.63 141.28 474.30 138.22
6 379.50 65.50 379.50 92.61 392.25 88.83 393.62 85.79 395.19 76.37 388.50 65.50
10 55.36 209.68 39.41 215.90 32.37 238.41 35.78 254.18 37.69 257.16 42.00 258.32 57.30 259.92 65.44 249.50 69.40 217.80 68.41 216.21
6 204.79 88.86 232.46 70.05 226.00 61.00 215.37 50.37 198.42 68.86 194.10 87.55
7 460.01 382.28 445.96 391.47 450.94 408.20 471.96 420.50 480.06 420.50 483.67 404.25 482.53 392.29
6 123.42 309.19 102.50 321.14 102.50 333.06 110.69 338.44 133.79 330.44 134.55 326.40
6 336.71 112.00 314.02 128.02 311.90 136.12 326.52 151.64 342.41 126.47 340.00 112.00
6 172.25 352.01 180.88 351.08 194.37 313.98 174.47 300.41 168.02 309.92 160.06 341.77
8 427.69 325.00 414.95 304.62 413.00 303.99 413.00 322.88 417.31 343.33 417.50 343.50 426.67 334.33 428.12 328.50
6 449.84 119.36 463.65 137.13 467.67 136.52 463.83 113.50 455.70 111.62 452.13 113.53
6 458.86 44.00 465.20 55.09 479.41 56.19 479.66 54.98 473.89 37.66 467.70 37.13
6 330.09 458.76 349.69 463.92 355.40 456.30 349.02 442.74 333.24 450.63 329.16 457.88
5 78.41 182.10 82.81 168.18 77.07 161.33 72.53 162.94 57.00 194.00
7 243.28 441.23 255.92 440.17 267.26 431.26 267.42 430.42 251.85 414.85 245.49 417.54 238.45 438.66
5 124.06 234.50 130.23 220.41 118.00 216.33 101.96 228.81 109.35 234.50
6 273.70 294.37 277.85 276.56 274.82 267.45 253.64 262.16 243.30 286.60 270.56 297.75
8 176.50 52.50 184.59 44.41 181.45 32.76 179.88 30.13 178.00 28.78 156.30 30.52 154.73 33.55 164.39 49.65
6 178.00 28.78 179.88 30.13 211.63 7.91 216.74 -6.26 216.09 -8.92 178.00 -8.92
5 13.00 233.03 32.37 238.41 39.41 215.90 29.57 210.82 4.41 229.69
8 416.08 66.87 423.93 70.93 436.26 62.95 439.75 44.00 433.26 31.03 426.42 26.29 409.07 55.21 411.12 61.35
6 142.31 218.50 147.94 223.50 163.31 213.62 161.17 209.33 150.70 204.10 144.24 208.21
6 -7.94 200.04 -7.94 229.21 4.41 229.69 29.57 210.82 21.74 203.34 6.87 196.16
9 371.05 175.96 356.73 186.46 376.02 225.04 378.06 225.50 384.95 223.25 387.40 219.78 382.16 183.15 379.82 179.18 374.86 177.11
7 421.38 351.25 417.50 343.50 417.31 343.33 395.71 341.17 381.21 348.74 397.74 363.43 424.52 370.13
5 322.96 298.57 335.17 300.31 341.26 290.07 323.01 276.38 312.07 291.71
4 124.17 13.74 128.50 23.83 140.64 13.72 136.23 10.29
7 411.12 391.39 426.88 377.16 426.14 372.39 424.52 370.13 397.74 363.43 395.00 368.00 395.00 378.50
7 255.00 322.00 257.87 335.41 264.16 338.64 273.37 333.87 276.99 310.30 270.33 300.56 255.65 316.15
4 311.22 200.33 324.77 196.52 325.96 183.48 298.74 172.60
8 377.12 290.43 379.22 293.07 407.98 295.81 414.57 279.34 412.23 264.64 401.84 256.60 389.83 260.97 376.93 289.36
6 238.56 102.33 249.99 93.75 242.65 71.07 232.46 70.05 204.79 88.86 206.18 90.19
6 32.83 455.83 30.89 450.97 25.44 450.41 -7.94 494.92 -7.94 506.92 24.59 506.92
6 144.92 343.23 133.79 330.44 110.69 338.44 115.08 360.40 132.07 370.81 133.61 369.96
6 340.00 112.00 342.41 126.47 355.80 139.12 357.22 139.57 367.19 119.62 341.46 110.54
7 378.50 318.14 383.18 323.66 395.73 320.08 411.15 302.29 407.98 295.81 379.22 293.07 378.50 294.50
5 372.81 381.94 377.37 377.89 376.13 353.06 347.23 370.72 348.48 374.79
5 444.27 331.82 426.67 334.33 417.50 343.50 421.38 351.25 446.26 334.66
5 449.85 461.33 489.74 506.92 508.94 506.92 508.94 482.94 455.01 449.98
4 507.82 355.85 483.00 365.00 483.00 391.14 492.14 387.23
6 318.09 28.83 312.87 3.61 305.08 -8.92 298.38 -8.92 289.15 35.39 313.29 38.41
5 154.92 406.63 167.40 403.85 163.91 398.62 152.42 395.34 150.38 396.65
6 393.25 48.50 363.93 48.50 366.62 57.52 379.50 65.50 388.50 65.50 390.80 63.20
6 376.79 452.66 389.60 474.00 390.55 474.00 395.60 472.37 389.28 448.66 384.83 445.20
8 181.70 415.70 163.91 427.56 149.99 457.26 176.81 454.01 201.71 446.54 206.91 434.83 206.42 433.44 189.26 420.15
6 60.16 293.28 64.19 287.91 66.36 274.50 57.30 259.92 42.00 258.32 42.00 291.15
5 196.50 410.50 189.26 420.15 206.42 433.44 217.79 409.81 204.68 402.32
6 147.94 223.50 150.92 242.13 169.20 247.07 170.34 238.71 168.97 215.42 163.31 213.62
4 313.00 434.00 302.38 444.62 317.59 455.83 322.67 437.22
8 128.50 25.50 128.50 23.83 124.17 13.74 122.96 12.62 109.00 24.25 109.00 26.37 126.64 31.07 127.20 30.70
4 255.50 47.64 253.40 59.95 268.50 67.50 282.93 55.48
9 213.39 176.95 193.69 175.60 182.75 184.15 181.43 189.92 181.55 191.80 181.95 194.22 204.50 210.00 217.66 183.68 213.39 176.95
5 124.13 104.13 114.69 79.59 96.67 78.87 100.30 102.47 110.97 108.22
4 21.21 339.45 16.73 328.87 -7.94 316.53 -7.94 350.19
5 193.35 392.29 200.07 378.87 194.33 366.11 175.39 383.33 184.15 396.48
8 438.81 64.46 436.26 62.95 423.93 70.93 423.25 75.92 423.72 92.28 432.68 95.72 444.34 90.34 451.07 82.86
4 152.77 117.58 135.24 138.61 151.04 140.95 165.47 124.31
7 109.67 118.20 116.18 138.81 122.55 145.79 131.75 138.83 133.21 105.20 124.13 104.13 110.97 108.22
6 349.05 223.20 355.29 248.14 367.68 254.34 378.06 225.50 376.02 225.04 352.53 221.95
8 395.02 144.90 395.96 145.96 408.61 151.65 421.90 145.27 423.45 131.70 417.37 123.42 412.85 119.22 396.30 137.61
4 264.82 227.91 242.05 198.63 232.53 222.42 238.18 241.93
6 168.02 309.92 174.47 300.41 173.41 297.62 143.59 302.33 141.75 304.00 136.60 324.58
5 304.12 242.81 305.16 242.48 298.86 223.57 290.53 227.74 299.72 240.61
6 395.02 144.90 387.89 144.52 374.86 177.11 379.82 179.18 381.90 177.59 395.96 145.96
5 -7.94 75.14 -7.94 102.00 23.03 82.09 26.62 77.61 20.83 72.27
3 395.00 368.00 384.50 378.50 395.00 378.50
6 268.37 355.30 260.13 383.13 270.06 393.06 296.99 369.12 297.07 368.65 289.11 358.91
7 412.85 119.22 417.37 123.42 441.90 107.07 432.68 95.72 423.72 92.28 413.20 102.80 410.82 115.37
5 238.95 303.31 238.02 291.31 217.92 293.82 206.44 308.89 231.64 313.93
5 185.04 155.42 193.69 175.60 213.39 176.95 209.30 156.50 204.32 148.19
5 242.62 146.38 266.73 149.82 265.60 138.55 253.09 132.91 244.50 141.50
6 313.00 405.73 305.51 407.77 297.41 442.87 297.53 443.76 302.38 444.62 313.00 434.00
9 79.38 83.92 92.74 75.21 91.60 67.22 84.00 58.10 66.18 60.95 63.55 70.83 64.74 79.15 66.55 83.03 67.00 83.33
5 478.78 11.75 477.41 -8.92 461.23 -8.92 453.17 20.08 463.94 25.10
6 277.85 276.56 304.02 280.92 305.91 273.34 292.81 257.32 283.92 256.61 274.82 267.45
7 196.98 314.38 194.37 313.98 180.88 351.08 194.75 359.69 216.00 351.47 216.21 351.29 218.66 341.23
5 29.71 114.59 32.43 110.29 23.03 82.09 -7.94 102.00 -7.94 117.86
6 454.30 339.55 446.26 334.66 421.38 351.25 424.52 370.13 426.14 372.39 433.15 367.05
6 490.29 30.13 501.88 35.54 507.45 36.57 508.94 36.50 508.94 -8.92 503.31 -8.92
6 20.09 172.27 12.79 184.79 6.87 196.16 21.74 203.34 41.63 176.83 41.13 175.17
5 483.00 365.00 474.00 365.00 460.01 382.28 482.53 392.29 483.00 391.14
6 114.69 79.59 124.13 104.13 133.21 105.20 138.62 102.26 140.47 83.78 132.04 69.17
8 102.51 470.92 143.39 463.06 147.14 459.68 147.20 459.35 137.79 449.11 106.42 447.26 98.10 460.77 101.88 470.86
8 122.50 169.62 122.50 155.00 122.17 147.31 78.36 150.44 77.07 161.33 82.81 168.18 110.23 178.46 111.38 177.97
4 230.32 468.59 242.12 475.67 251.39 459.44 250.54 458.48
7 488.21 238.73 500.12 248.88 508.94 248.48 508.94 200.22 507.74 200.15 481.32 201.91 484.42 220.50
6 66.55 83.03 64.74 79.15 41.50 74.50 40.00 74.50 39.20 76.10 44.04 89.17
7 237.50 366.50 239.97 373.01 249.23 381.53 260.13 383.13 268.37 355.30 268.28 355.10 243.07 358.70
5 326.80 239.94 327.36 237.36 307.59 217.59 298.86 223.57 305.16 242.48
6 125.95 388.70 126.97 416.32 128.24 418.12 140.60 413.57 147.08 396.30 128.96 384.97
7 393.65 448.35 389.28 448.66 395.60 472.37 400.18 473.03 411.33 462.94 416.43 456.43 411.61 451.61
4 316.56 483.51 304.08 506.92 327.00 506.92 327.00 485.60
4 81.50 196.50 69.60 214.88 104.50 199.93 104.50 191.57
6 136.60 199.61 144.24 208.21 150.70 204.10 151.79 191.02 144.54 177.98 142.02 177.92
5 312.87 3.61 348.95 20.60 350.72 17.07 346.13 -8.92 305.08 -8.92
7 95.33 422.43 102.66 432.02 128.89 430.27 128.24 418.12 126.97 416.32 107.40 413.39 98.92 415.81
6 154.42 61.77 156.47 80.23 165.10 82.50 168.88 82.50 162.15 64.58 155.83 61.42
5 43.77 97.33 61.71 102.71 67.00 83.33 66.55 83.03 44.04 89.17
7 198.25 136.50 205.52 140.38 207.24 139.87 211.95 133.14 215.33 123.02 214.77 122.99 199.00 133.50
5 255.92 440.17 279.53 461.43 283.65 453.20 278.72 442.72 267.26 431.26
4 13.85 11.47 40.58 3.83 40.04 -8.92 6.44 -8.92
5 302.03 365.96 297.07 368.65 296.99 369.12 314.77 397.27 324.85 372.80
5 141.75 304.00 123.55 308.04 123.42 309.19 134.55 326.40 136.60 324.58
5 326.52 151.64 326.69 153.22 342.58 156.11 355.80 139.12 342.41 126.47
5 232.82 319.54 255.00 322.00 255.65 316.15 238.95 303.31 231.64 313.93
6 42.00 291.15 42.00 258.32 37.69 257.16 23.36 273.36 20.72 276.87 31.51 294.85
4 178.36 266.47 172.93 285.63 212.80 282.31 216.78 263.40
5 60.78 111.31 44.88 129.20 46.97 133.04 75.53 137.50 76.03 136.72
6 26.72 307.14 29.84 303.53 31.51 294.85 20.72 276.87 -7.94 283.82 -7.94 300.21
8 93.01 304.20 97.40 297.38 98.41 292.88 94.84 279.10 89.55 274.50 66.36 274.50 64.19 287.91 91.56 304.34
6 282.57 247.47 283.92 256.61 292.81 257.32 296.73 255.12 304.12 242.81 299.72 240.61
6 283.92 256.61 282.57 247.47 278.35 235.74 250.31 256.77 253.64 262.16 274.82 267.45
5 413.20 102.80 423.72 92.28 423.25 75.92 393.62 85.79 392.25 88.83
7 110.40 255.52 106.68 256.14 93.34 261.85 89.55 274.50 94.84 279.10 121.00 267.66 117.55 261.91
5 153.42 21.25 156.30 30.52 178.00 28.78 178.00 -8.92 165.76 -8.92
6 230.12 468.53 210.13 476.86 203.61 498.28 246.85 482.55 242.12 475.67 230.32 468.59
6 379.82 179.18 382.16 183.15 411.66 189.70 418.88 182.91 399.62 169.16 381.90 177.59
6 228.06 336.68 218.66 341.23 216.21 351.29 237.50 366.50 243.07 358.70 247.63 338.94
6 384.50 378.50 383.32 379.15 395.18 393.97 411.00 391.54 411.12 391.39 395.00 378.50
5 351.09 420.05 349.02 442.74 355.40 456.30 364.54 455.10 367.59 421.49
8 290.53 227.74 298.86 223.57 307.59 217.59 307.48 213.94 281.42 208.15 276.50 213.38 276.50 227.46 278.14 229.22
7 411.00 420.19 404.59 423.79 406.03 435.97 411.61 451.61 416.43 456.43 420.00 455.69 420.00 423.00
6 493.08 103.08 508.94 98.32 508.94 89.15 481.92 76.18 473.74 80.53 472.48 82.48
7 304.59 326.12 322.96 298.57 312.07 291.71 308.29 290.53 298.84 298.56 296.88 318.25 301.01 326.53
5 32.83 455.83 24.59 506.92 51.43 506.92 56.69 487.35 42.81 461.91
6 371.77 479.65 386.64 506.92 387.26 506.92 390.55 474.00 389.60 474.00 374.82 476.74
6 125.38 292.98 122.56 304.24 123.55 308.04 141.75 304.00 143.59 302.33 132.43 292.56
4 55.00 37.00 84.00 51.50 85.37 46.35 73.42 31.74
6 45.09 15.95 44.61 18.39 45.45 37.00 55.00 37.00 73.42 31.74 80.08 11.75
4 472.50 279.20 453.22 289.48 446.07 306.16 472.50 320.70
8 124.06 234.50 129.04 238.92 145.11 244.77 150.92 242.13 147.94 223.50 142.31 218.50 132.58 218.50 130.23 220.41
6 444.34 90.34 432.68 95.72 441.90 107.07 452.13 113.53 455.70 111.62 457.23 103.23
6 41.63 176.83 21.74 203.34 29.57 210.82 39.41 215.90 55.36 209.68 54.33 196.67
6 412.23 264.64 431.96 248.20 432.63 244.84 428.50 230.61 398.31 244.03 401.84 256.60
7 272.77 4.85 270.18 12.28 273.67 36.67 286.96 37.69 289.15 35.39 298.38 -8.92 284.95 -8.92
7 398.31 244.03 384.95 223.25 378.06 225.50 367.68 254.34 367.95 257.11 389.83 260.97 401.84 256.60
9 377.37 377.89 383.32 379.15 384.50 378.50 395.00 368.00 397.74 363.43 381.21 348.74 378.79 348.50 378.59 348.56 376.13 353.06
5 296.88 318.25 276.99 310.30 273.37 333.87 296.30 332.95 301.01 326.53
6 436.97 161.78 450.63 156.82 452.42 147.49 441.43 128.25 423.45 131.70 421.90 145.27
7 432.63 244.84 459.16 238.21 462.35 234.27 456.00 220.50 452.85 214.20 428.50 221.27 428.50 230.61
6 118.00 208.59 118.00 216.33 130.23 220.41 132.58 218.50 128.30 207.38 124.04 206.39
8 213.39 176.95 217.66 183.68 242.15 197.96 250.21 193.66 255.59 186.68 259.67 169.45 233.34 155.66 232.82 155.67
7 149.99 457.26 147.20 459.35 147.14 459.68 182.57 506.92 200.13 506.92 203.50 498.50 176.81 454.01
6 328.94 253.41 355.29 248.14 349.05 223.20 342.60 224.14 327.36 237.36 326.80 239.94
7 436.68 278.45 453.22 289.48 472.50 279.20 473.37 278.24 473.93 275.07 457.78 261.73 446.20 260.77
7 77.61 432.20 77.29 427.29 73.01 423.78 57.93 417.38 42.69 426.69 37.80 442.04 70.90 449.83
9 474.00 365.00 483.00 365.00 507.82 355.85 508.94 355.31 508.94 344.13 479.71 324.64 474.92 324.08 459.29 339.71 466.86 357.86
3 143.39 463.06 102.51 470.92 123.77 504.93
5 72.50 332.14 72.50 325.50 55.00 308.00 52.29 309.94 47.46 323.03
6 84.00 58.10 84.00 51.50 55.00 37.00 45.45 37.00 44.87 49.79 66.18 60.95
6 481.32 201.91 469.61 194.34 459.20 201.85 452.85 214.20 456.00 220.50 484.42 220.50
6 276.50 213.38 250.21 193.66 242.15 197.96 242.05 198.63 264.82 227.91 276.50 227.46
4 124.04 206.39 128.30 207.38 132.69 201.89 120.05 192.41
7 17.23 56.65 42.92 52.59 44.87 49.79 45.45 37.00 -4.24 37.00 -7.94 39.10 -7.94 45.21
6 372.38 391.12 379.50 406.17 395.18 393.97 383.32 379.15 377.37 377.89 372.81 381.94
7 164.39 49.65 154.73 33.55 151.69 35.50 148.91 42.92 154.28 61.74 154.42 61.77 155.83 61.42
3 214.77 122.99 199.00 119.61 199.00 133.50
7 253.40 59.95 242.65 71.07 249.99 93.75 261.28 98.91 268.92 99.30 291.00 90.00 268.50 67.50
5 143.19 283.00 149.29 278.56 135.07 265.76 121.50 267.95 121.50 283.00
5 296.31 332.99 289.11 358.91 297.07 368.65 302.03 365.96 312.00 354.57
8 242.05 198.63 242.15 197.96 217.66 183.68 204.50 210.00 204.50 213.50 206.91 214.94 229.40 222.05 232.53 222.42
4 125.95 388.70 109.87 391.17 107.40 413.39 126.97 416.32
8 31.65 381.20 21.50 397.95 21.50 405.50 42.69 426.69 57.93 417.38 57.99 416.61 50.72 391.68 49.97 391.06
5 507.74 200.15 508.94 200.22 508.94 160.40 494.36 162.14 484.12 168.65
7 353.08 90.01 350.21 91.19 341.46 110.54 367.19 119.62 373.36 120.27 381.76 111.35 377.34 94.29
7 426.14 372.39 426.88 377.16 445.96 391.47 460.01 382.28 474.00 365.00 466.86 357.86 433.15 367.05
5 381.90 177.59 399.62 169.16 406.09 162.23 408.61 151.65 395.96 145.96
8 202.12 399.25 200.09 395.18 193.35 392.29 184.15 396.48 180.65 410.04 181.70 415.70 189.26 420.15 196.50 410.50
8 183.56 105.27 183.71 103.51 149.98 101.40 141.22 103.16 152.77 117.58 165.47 124.31 167.95 123.81 178.01 116.07
6 300.65 166.81 298.40 172.06 298.74 172.60 325.96 183.48 329.32 173.88 323.10 159.59
4 361.90 308.89 367.74 322.05 378.50 318.14 378.50 294.50
5 100.30 102.47 93.26 106.31 84.62 129.33 109.67 118.20 110.97 108.22
7 94.76 442.59 101.77 440.04 102.66 432.02 95.33 422.43 77.29 427.29 77.61 432.20 85.85 439.62
6 350.26 31.72 348.95 20.60 312.87 3.61 318.09 28.83 328.00 31.58 340.72 33.70
6 122.56 304.24 97.40 297.38 93.01 304.20 102.50 321.14 123.42 309.19 123.55 308.04
6 238.02 291.31 240.50 288.05 217.46 262.91 216.78 263.40 212.80 282.31 217.92 293.82
5 278.72 442.72 284.30 423.20 282.12 414.49 267.42 430.42 267.26 431.26
7 89.37 394.33 88.55 386.91 86.73 384.84 83.85 385.58 57.99 416.61 57.93 417.38 73.01 423.78
7 25.62 342.24 21.21 339.45 -7.94 350.19 -7.94 360.09 22.84 369.88 30.31 370.65 31.81 367.78
11 215.33 123.02 219.38 120.90 220.09 119.76 206.18 90.19 204.79 88.86 194.10 87.55 189.84 89.10 183.71 103.51 183.56 105.27 199.00 119.61 214.77 122.99
6 132.43 292.56 143.59 302.33 173.41 297.62 172.69 286.11 149.29 278.56 143.19 283.00
6 436.97 161.78 434.27 169.68 469.66 193.27 474.97 172.97 467.00 165.00 450.63 156.82
5 140.76 13.73 152.18 20.76 153.42 21.25 165.76 -8.92 148.31 -8.92
7 26.86 310.86 16.73 328.87 21.21 339.45 25.62 342.24 35.17 336.17 41.29 331.80 42.86 326.86
6 230.12 468.53 230.32 468.59 250.54 458.48 243.28 441.23 238.45 438.66 235.59 439.36
9 411.15 302.29 413.00 303.99 414.95 304.62 442.50 308.06 446.07 306.16 453.22 289.48 436.68 278.45 414.57 279.34 407.98 295.81
5 244.50 141.50 253.09 132.91 248.57 125.52 241.19 123.41 235.97 132.97
4 271.87 125.85 268.92 99.30 261.28 98.91 254.19 118.78
7 326.52 151.64 311.90 136.12 295.83 140.50 292.73 150.97 300.65 166.81 323.10 159.59 326.69 153.22
5 228.06 336.68 247.63 338.94 257.87 335.41 255.00 322.00 232.82 319.54
6 441.90 107.07 417.37 123.42 423.45 131.70 441.43 128.25 449.84 119.36 452.13 113.53
5 78.45 313.59 91.56 304.34 64.19 287.91 60.16 293.28 59.36 299.27
5 286.98 197.56 292.72 174.61 291.49 174.65 273.90 189.73 284.89 198.73
6 507.74 200.15 484.12 168.65 474.97 172.97 469.66 193.27 469.61 194.34 481.32 201.91
4 442.50 325.00 442.50 308.06 414.95 304.62 427.69 325.00
6 474.92 324.08 479.71 324.64 495.73 297.41 473.37 278.24 472.50 279.20 472.50 320.70
5 16.73 328.87 26.86 310.86 26.72 307.14 -7.94 300.21 -7.94 316.53
7 343.58 269.24 364.38 264.25 367.95 257.11 367.68 254.34 355.29 248.14 328.94 253.41 328.91 253.92
6 217.79 409.81 224.01 402.67 217.52 391.70 200.09 395.18 202.12 399.25 204.68 402.32
8 132.07 370.81 128.96 384.97 147.08 396.30 150.38 396.65 152.42 395.34 158.22 386.22 143.30 371.30 133.61 369.96
4 161.01 196.05 161.98 204.84 181.55 191.80 181.43 189.92
5 6.87 196.16 12.79 184.79 -6.00 166.00 -7.94 166.00 -7.94 200.04
5 412.85 119.22 410.82 115.37 392.62 116.07 389.05 129.14 396.30 137.61
5 20.72 276.87 23.36 273.36 1.50 251.50 -7.94 250.51 -7.94 283.82
8 122.55 145.79 116.18 138.81 83.96 130.22 79.46 132.62 76.03 136.72 75.53 137.50 78.36 150.44 122.17 147.31
6 282.89 475.34 278.12 470.14 273.99 470.75 251.77 485.24 250.97 506.92 286.13 506.92
6 416.43 456.43 411.33 462.94 437.50 497.83 437.50 471.50 421.85 455.85 420.00 455.69
6 205.12 240.19 209.73 231.88 206.91 214.94 204.50 213.50 194.50 221.00 194.50 238.42
7 337.53 362.36 347.23 370.72 376.13 353.06 378.59 348.56 360.88 336.75 341.66 349.56 337.07 360.84
7 25.44 450.41 30.89 450.97 37.80 442.04 42.69 426.69 21.50 405.50 -7.94 428.25 -7.94 440.32
7 46.97 133.04 44.88 129.20 29.71 114.59 -7.94 117.86 -7.94 117.97 6.08 136.42 42.36 143.67
6 341.26 290.07 342.28 288.78 343.58 269.24 328.91 253.92 324.92 257.30 323.01 276.38
5 436.68 278.45 446.20 260.77 431.96 248.20 412.23 264.64 414.57 279.34
7 319.80 330.63 331.01 326.75 340.72 314.48 340.81 313.33 335.17 300.31 322.96 298.57 304.59 326.12
8 379.22 293.07 377.12 290.43 342.28 288.78 341.26 290.07 335.17 300.31 340.81 313.33 361.90 308.89 378.50 294.50
7 472.19 82.83 472.48 82.48 473.74 80.53 461.09 65.77 438.81 64.46 451.07 82.86 464.69 86.45
7 163.31 213.62 168.97 215.42 178.31 210.97 181.95 194.22 181.55 191.80 161.98 204.84 161.17 209.33
4 411.66 189.70 382.16 183.15 387.40 219.78 412.85 213.41
10 459.29 339.71 474.92 324.08 472.50 320.70 446.07 306.16 442.50 308.06 442.50 325.00 443.17 328.50 444.27 331.82 446.26 334.66 454.30 339.55
9 212.80 282.31 172.93 285.63 172.69 286.11 173.41 297.62 174.47 300.41 194.37 313.98 196.98 314.38 206.44 308.89 217.92 293.82
7 223.13 252.51 205.12 240.19 194.50 238.42 175.76 253.25 178.36 266.47 216.78 263.40 217.46 262.91
5 110.40 255.52 117.55 261.91 129.04 238.92 124.06 234.50 109.35 234.50
5 206.91 434.83 201.71 446.54 210.13 476.86 230.12 468.53 235.59 439.36
4 148.91 42.92 131.50 62.50 132.57 65.17 154.28 61.74
7 350.21 91.19 338.86 80.28 334.43 78.54 304.46 96.52 336.71 112.00 340.00 112.00 341.46 110.54
5 437.84 442.69 454.94 449.68 471.96 420.50 450.94 408.20 433.57 423.00
6 42.92 52.59 17.23 56.65 20.83 72.27 26.62 77.61 39.20 76.10 40.00 74.50
6 66.18 60.95 44.87 49.79 42.92 52.59 40.00 74.50 41.50 74.50 63.55 70.83
6 134.55 326.40 133.79 330.44 144.92 343.23 160.06 341.77 168.02 309.92 136.60 324.58
9 102.50 333.06 102.50 321.14 93.01 304.20 91.56 304.34 78.45 313.59 72.50 325.50 72.50 332.14 75.96 341.88 76.61 342.77
7 325.96 183.48 324.77 196.52 328.24 198.02 354.29 188.42 355.08 187.39 336.80 175.20 329.32 173.88
8 404.69 1.93 403.61 -8.92 396.91 -8.92 350.72 17.07 348.95 20.60 350.26 31.72 361.37 43.22 400.43 9.25
5 354.29 188.42 328.24 198.02 342.60 224.14 349.05 223.20 352.53 221.95
5 77.61 432.20 70.90 449.83 73.58 457.27 88.52 455.61 85.85 439.62
6 276.50 213.38 281.42 208.15 284.89 198.73 273.90 189.73 255.59 186.68 250.21 193.66
8 281.01 128.98 273.08 129.31 265.60 138.55 266.73 149.82 267.49 152.17 292.73 150.97 295.83 140.50 291.21 133.57
7 235.97 132.97 241.19 123.41 234.18 115.47 220.09 119.76 219.38 120.90 225.34 133.83 229.00 137.85
7 428.50 221.27 422.58 216.31 412.85 213.41 387.40 219.78 384.95 223.25 398.31 244.03 428.50 230.61
5 300.67 114.67 296.42 95.14 294.97 94.09 281.01 128.98 291.21 133.57
5 296.42 95.14 300.67 114.67 314.02 128.02 336.71 112.00 304.46 96.52
5 452.85 214.20 459.20 201.85 433.50 189.00 422.58 216.31 428.50 221.27
4 273.67 36.67 270.18 12.28 246.26 33.82 255.50 45.75
6 459.16 238.21 457.78 261.73 473.93 275.07 500.12 248.88 488.21 238.73 462.35 234.27
5 507.82 355.85 492.14 387.23 499.25 392.56 508.94 390.14 508.94 355.31
4 292.81 257.32 305.91 273.34 323.81 257.83 296.73 255.12
5 411.12 61.35 409.07 55.21 397.30 45.26 393.25 48.50 390.80 63.20
6 404.69 1.93 426.42 26.29 433.26 31.03 453.17 20.08 461.23 -8.92 403.61 -8.92
6 69.60 214.88 68.41 216.21 69.40 217.80 99.62 227.88 104.91 201.45 104.50 199.93
6 216.00 351.47 216.00 382.62 216.45 383.09 239.97 373.01 237.50 366.50 216.21 351.29
7 74.01 384.40 83.85 385.58 86.73 384.84 88.94 371.91 75.43 349.39 55.46 360.91 60.93 372.78
8 375.65 420.29 379.50 406.17 372.38 391.12 344.22 396.76 337.96 409.67 341.35 414.30 351.09 420.05 367.59 421.49
7 364.54 455.10 368.52 456.55 376.79 452.66 384.83 445.20 381.75 424.46 375.65 420.29 367.59 421.49
7 428.30 178.59 433.50 189.00 459.20 201.85 469.61 194.34 469.66 193.27 434.27 169.68 428.73 177.32
8 296.73 255.12 323.81 257.83 324.92 257.30 328.91 253.92 328.94 253.41 326.80 239.94 305.16 242.48 304.12 242.81
7 381.75 424.46 404.59 423.79 411.00 420.19 411.00 391.54 395.18 393.97 379.50 406.17 375.65 420.29
4 466.86 357.86 459.29 339.71 454.30 339.55 433.15 367.05
6 161.01 196.05 181.43 189.92 182.75 184.15 155.18 172.66 144.54 177.98 151.79 191.02
8 111.38 177.97 110.23 178.46 104.50 191.57 104.50 199.93 104.91 201.45 118.00 208.59 124.04 206.39 120.05 192.41
4 109.00 24.25 122.96 12.62 114.09 -8.92 95.73 -8.92
5 63.25 104.40 72.41 106.15 78.03 102.51 79.14 85.86 62.00 103.00
7 467.67 136.52 463.65 137.13 452.42 147.49 450.63 156.82 467.00 165.00 474.30 138.22 473.55 137.36
5 79.14 85.86 79.38 83.92 67.00 83.33 61.71 102.71 62.00 103.00
5 371.77 479.65 359.60 484.00 353.93 494.63 354.57 506.92 386.64 506.92
7 331.49 431.34 341.35 414.30 337.96 409.67 315.74 404.23 313.00 405.73 313.00 434.00 322.67 437.22
6 189.51 88.85 168.88 82.50 165.10 82.50 149.98 101.40 183.71 103.51 189.84 89.10
4 21.50 405.50 21.50 397.95 -7.94 389.12 -7.94 428.25
6 101.96 228.81 99.72 227.98 91.03 244.39 106.68 256.14 110.40 255.52 109.35 234.50
5 270.18 12.28 272.77 4.85 235.33 12.33 244.13 32.44 246.26 33.82
4 20.83 72.27 17.23 56.65 -7.94 45.21 -7.94 75.14
5 98.41 292.88 97.40 297.38 122.56 304.24 125.38 292.98 121.21 286.37
4 88.52 455.61 90.90 456.11 94.76 442.59 85.85 439.62
8 324.85 372.80 314.77 397.27 315.74 404.23 337.96 409.67 344.22 396.76 348.48 374.79 347.23 370.72 337.53 362.36
7 313.29 38.41 289.15 35.39 286.96 37.69 290.31 53.78 301.75 67.12 315.21 60.39 316.34 58.20
5 126.64 31.07 109.00 26.37 101.48 34.39 116.27 51.65 119.71 51.87
6 75.43 349.39 88.94 371.91 115.08 360.40 110.69 338.44 102.50 333.06 76.61 342.77
7 250.54 458.48 251.39 459.44 273.99 470.75 278.12 470.14 279.53 461.43 255.92 440.17 243.28 441.23
4 57.99 416.61 83.85 385.58 74.01 384.40 50.72 391.68
7 122.50 155.00 122.50 169.62 142.02 177.92 144.54 177.98 155.18 172.66 161.62 155.27 161.39 155.00
5 140.76 13.73 140.64 13.72 128.50 23.83 128.50 25.50 152.18 20.76
5 480.00 118.00 477.75 113.50 463.83 113.50 467.67 136.52 473.55 137.36
5 399.62 169.16 418.88 182.91 428.30 178.59 428.73 177.32 406.09 162.23
8 433.57 423.00 450.94 408.20 445.96 391.47 426.88 377.16 411.12 391.39 411.00 391.54 411.00 420.19 420.00 423.00
6 206.44 308.89 196.98 314.38 218.66 341.23 228.06 336.68 232.82 319.54 231.64 313.93
6 461.09 65.77 465.20 55.09 458.86 44.00 439.75 44.00 436.26 62.95 438.81 64.46
5 60.78 111.31 76.03 136.72 79.46 132.62 72.41 106.15 63.25 104.40
6 273.67 36.67 255.50 45.75 255.50 47.64 282.93 55.48 290.31 53.78 286.96 37.69
7 70.90 449.83 37.80 442.04 30.89 450.97 32.83 455.83 42.81 461.91 70.41 466.78 73.58 457.27
5 23.36 273.36 37.69 257.16 35.78 254.18 13.00 251.50 1.50 251.50
6 99.72 227.98 99.62 227.88 69.40 217.80 65.44 249.50 86.29 249.50 91.03 244.39
5 316.56 483.51 308.18 473.65 282.89 475.34 286.13 506.92 304.08 506.92
7 241.19 123.41 248.57 125.52 254.19 118.78 261.28 98.91 249.99 93.75 238.56 102.33 234.18 115.47
6 384.83 445.20 389.28 448.66 393.65 448.35 406.03 435.97 404.59 423.79 381.75 424.46
6 367.50 144.93 357.22 139.57 355.80 139.12 342.58 156.11 349.71 162.29 367.50 169.40
6 270.33 300.56 276.99 310.30 296.88 318.25 298.84 298.56 273.70 294.37 270.56 297.75
5 209.65 30.54 209.42 29.26 181.45 32.76 184.59 44.41 188.29 45.80
4 13.00 251.50 35.78 254.18 32.37 238.41 13.00 233.03
6 52.29 309.94 29.84 303.53 26.72 307.14 26.86 310.86 42.86 326.86 47.46 323.03
6 406.09 162.23 428.73 177.32 434.27 169.68 436.97 161.78 421.90 145.27 408.61 151.65
8 314.77 397.27 296.99 369.12 270.06 393.06 270.65 395.00 284.12 407.25 305.51 407.77 313.00 405.73 315.74 404.23
5 376.02 225.04 356.73 186.46 355.08 187.39 354.29 188.42 352.53 221.95
3 63.55 70.83 41.50 74.50 64.74 79.15
6 22.84 369.88 -7.94 387.47 -7.94 389.12 21.50 397.95 31.65 381.20 30.31 370.65
5 216.74 -6.26 235.33 12.33 272.77 4.85 284.95 -8.92 216.09 -8.92
7 229.00 148.67 232.82 155.67 233.34 155.66 242.62 146.38 244.50 141.50 235.97 132.97 229.00 137.85
7 296.30 332.95 296.31 332.99 312.00 354.57 321.09 352.50 319.80 330.63 304.59 326.12 301.01 326.53
7 249.23 381.53 229.50 402.50 245.49 417.54 251.85 414.85 270.65 395.00 270.06 393.06 260.13 383.13
5 225.34 133.83 218.29 137.36 216.50 144.50 229.00 148.67 229.00 137.85
6 194.50 238.42 194.50 221.00 186.92 217.97 170.34 238.71 169.20 247.07 175.76 253.25
6 259.67 169.45 262.39 167.00 267.49 152.17 266.73 149.82 242.62 146.38 233.34 155.66
4 331.65 480.53 350.46 468.77 349.69 463.92 330.09 458.76
5 400.18 473.03 395.60 472.37 390.55 474.00 387.26 506.92 419.95 506.92
4 368.52 456.55 374.82 476.74 389.60 474.00 376.79 452.66
6 140.47 83.78 138.62 102.26 141.22 103.16 149.98 101.40 165.10 82.50 156.47 80.23
9 73.58 457.27 70.41 466.78 71.38 470.41 86.86 481.47 101.29 471.43 101.88 470.86 98.10 460.77 90.90 456.11 88.52 455.61
5 286.98 197.56 284.89 198.73 281.42 208.15 307.48 213.94 310.89 200.75
5 331.65 480.53 330.32 484.14 353.93 494.63 359.60 484.00 350.46 468.77
5 298.84 298.56 308.29 290.53 304.02 280.92 277.85 276.56 273.70 294.37
