500
86 411
60 380
450 249
469 101
499 69
345 172
205 389
179 136
194 128
432 330
87 188
422 196
250 470
425 439
211 148
154 358
168 68
493 391
157 201
161 394
102 127
327 443
53 111
324 214
86 96
57 151
73 191
178 224
318 276
6 468
2 157
280 63
60 178
83 260
337 47
386 42
483 45
198 146
218 135
55 332
317 365
26 143
338 442
283 346
151 262
473 26
104 403
401 444
358 279
44 300
282 162
71 486
374 326
129 196
82 31
432 327
238 492
319 81
146 154
277 181
159 378
493 114
399 68
373 76
165 140
490 53
235 270
295 191
31 159
252 303
263 241
260 124
201 42
209 372
361 319
128 251
188 467
133 42
191 208
470 62
201 404
302 127
484 97
97 252
99 21
147 422
329 342
131 8
133 284
144 122
110 282
21 17
362 388
404 79
97 448
344 335
388 135
329 41
457 31
201 54
82 112
405 332
44 346
324 472
151 72
216 151
327 41
402 328
168 395
12 243
294 240
499 282
484 131
23 28
113 67
494 14
102 488
384 126
6 7
453 473
265 420
224 30
64 1
335 497
109 378
280 117
382 152
113 213
216 138
380 268
212 227
187 59
55 377
285 434
454 134
251 354
340 167
2 9
230 419
139 45
3 174
418 476
394 103
493 141
45 345
139 26
140 6
161 410
195 27
224 106
230 48
499 399
101 48
148 406
147 497
409 44
179 370
294 428
229 386
107 487
365 129
68 312
29 90
234 50
336 63
439 456
472 221
349 66
53 345
472 448
56 473
363 467
173 166
451 93
357 3
302 459
499 59
136 208
498 313
215 233
4 376
166 59
111 439
391 329
477 150
386 76
51 235
213 65
472 393
119 321
325 133
175 333
424 328
463 127
471 49
343 452
68 182
257 428
120 222
261 281
170 42
188 17
19 225
419 50
152 211
13 217
367 202
403 352
325 281
133 15
397 376
269 319
315 182
391 273
230 90
14 474
128 347
361 127
387 315
367 371
433 337
461 466
490 384
303 29
159 401
386 55
384 459
179 437
46 283
203 406
161 225
316 440
119 21
275 57
198 198
112 92
4 335
189 381
441 84
150 127
121 121
358 242
405 138
253 222
144 312
301 235
387 154
14 78
393 376
279 369
431 110
226 305
201 154
251 144
307 431
71 73
464 16
294 270
197 341
23 92
439 346
497 15
27 188
476 384
125 87
110 456
99 156
243 466
496 216
56 80
252 361
304 234
140 403
399 455
319 497
90 202
145 200
340 6
110 424
160 71
59 91
206 131
268 442
17 3
314 375
136 310
344 145
242 316
38 283
204 277
62 119
18 295
83 289
296 245
269 249
406 85
103 266
168 17
234 481
406 179
238 351
393 381
360 444
291 215
415 439
487 94
308 308
45 479
384 489
134 301
71 40
67 26
464 303
136 229
447 97
35 194
415 242
279 24
383 251
387 370
282 321
440 142
446 233
123 213
239 172
183 470
350 244
448 273
63 439
476 346
115 482
59 321
67 48
472 220
262 215
126 200
23 46
383 389
155 51
204 128
264 79
133 282
301 351
218 208
113 404
41 403
498 183
367 110
455 367
396 158
199 403
159 110
317 177
370 315
98 118
93 437
332 23
111 307
223 281
278 432
77 406
11 354
207 114
141 293
452 175
146 8
30 324
240 460
436 291
242 135
262 119
308 149
241 325
435 116
74 304
283 188
494 186
432 323
481 303
14 315
352 254
207 399
150 387
166 200
2 175
395 129
10 262
98 142
265 493
422 473
206 228
356 353
19 425
27 138
328 277
435 266
320 316
357 300
456 74
168 203
402 197
453 323
205 289
202 252
120 247
224 457
148 53
325 91
448 434
26 65
56 69
151 327
86 321
337 184
366 19
344 203
84 447
274 199
281 141
231 129
411 233
290 121
313 116
437 202
265 26
467 250
496 387
305 261
398 57
446 11
93 209
223 372
68 371
364 398
371 445
446 184
306 251
397 407
452 356
163 190
119 202
114 15
71 95
466 147
70 94
373 495
319 431
160 94
2 403
100 248
256 16
13 68
114 296
90 446
331 382
301 45
115 36
98 353
259 452
65 396
146 156
138 21
469 126
411 172
425 407
223 320
457 57
67 116
277 50
59 456
12 260
83 239
304 489
248 114
398 441
353 152
288 306
196 35
14 243
40 314
417 163
295 387
363 204
57 75
8 383
253 1
238 139
312 343
246 402
220 139
183 228
250 151
338 471
394 490
379 462
155 90
86 465
293 206
343 479
291 288
